73833
38397
40903
80869
45093
77446
78055
82553
36727
46908
148
22071
79122
49945
67789
90158
90496
72261
86785
22717
14800
94790
13287
72842
36482
66684
52219
55945
21813
15517
95925
17711
40207
59701
47957
13595
43728
74448
81153
47023
95438
92848
59757
3819
84953
7328
80255
12913
78317
69828
25756
26085
56937
75693
44293
57924
73495
15428
54237
98494
54927
67736
90476
33601
75079
23413
96930
8598
45263
37521
84356
81912
54757
70798
84294
69068
98393
65931
4736
80398
22648
55158
52426
42951
7032
2041
85035
30221
54919
16219
64595
50938
30256
37587
83474
41662
81458
90730
56486
47257
98225
53362
32135
77008
74082
6662
46466
52637
90516
99246
31669
51109
19510
34793
88315
21771
80236
60459
86615
12736
18269
72302
18132
60972
29030
71575
77211
76851
28343
24611
55374
12991
75864
29277
98398
92982
76073
28206
3212
31981
20834
48976
73104
30485
8483
63904
27747
63757
71410
82620
67933
68311
33277
45388
60025
4046
25386
12927
3483
14928
39115
94420
48230
10408
7888
3941
71272
53751
12739
99426
47740
31924
28689
83787
82370
85080
39921
55713
24157
6283
70576
8198
24072
66600
26354
87736
79549
39729
97889
79860
46904
46309
88798
90692
66120
77128
43569
61052
2888
67442
37782
32692
52206
63479
58375
24747
57263
66295
42757
4540
21980
40634
78361
97022
14005
36355
37153
26758
67742
78127
75933
38370
54503
13912
60625
94136
92263
99355
75175
19230
72467
80020
36083
33354
11000
53723
11320
4165
94100
74336
72676
52742
39636
29570
49413
81524
63593
93917
71550
68839
13345
81669
85630
26882
95671
65587
91003
73811
55352
78261
71426
1224
22186
79707
45031
28964
3374
50859
27312
6483
76799
2689
96689
76271
24257
99862
15684
7725
41123
93487
48542
41221
64242
24359
50869
22879
52879
55763
72260
14960
9393
15586
31301
33526
23540
90779
57680
40513
89115
84759
54615
97326
97747
6295
36981
64829
5158
87127
72044
29185
92070
16643
34019
85477
61708
41046
70472
6550
6275
54070
61328
21874
54565
68795
27753
70185
3275
47901
13305
82679
6349
20969
79508
6028
42413
76881
59955
94614
42435
69090
34602
49870
81401
50565
79326
86598
38042
62853
311
47801
20192
150
51951
80227
81545
40172
12013
5715
36293
35853
65241
5782
10828
39802
4073
3706
48099
19683
73139
38323
55674
67898
89255
51691
30462
12546
83121
62973
80364
55410
76334
83911
89106
56118
66740
25857
54805
53785
1767
65939
5795
79511
19969
87898
77165
95611
13180
81166
10616
38765
29712
62435
20658
85404
1072
61785
26779
2397
70537
91419
86139
90819
4328
38219
93242
14586
34704
15959
66137
79555
59020
53867
1546
82390
41860
65159
83490
64288
86830
86954
10815
96960
14911
27513
9975
56288
86746
98271
93548
15290
52728
92651
32784
56492
43005
82647
15305
29238
39913
31082
30264
49773
71276
88856
66003
44471
17841
69574
91458
17475
91311
39092
69016
24582
91977
92180
18337
4049
12426
9105
33626
32441
81761
45429
95826
77902
82840
19343
82312
25594
68625
38174
13362
17133
81380
74859
1814
60821
32607
89828
47846
59377
82279
10171
66190
34723
49105
91526
2207
71532
95913
32408
55835
13971
79088
67038
65558
33942
16290
80755
133
26283
44588
61154
7696
18790
57275
27290
43667
61887
9056
11142
87297
28330
44570
41029
11752
52352
35085
34146
90955
79785
70712
27880
94392
95218
55948
10478
74011
57452
51920
31331
8423
6039
73893
27884
97339
88308
90832
57107
56346
24568
83742
40345
75915
60471
91098
39198
93437
94212
14271
5844
66192
43991
55593
32054
20871
60869
7091
29611
17549
68389
20386
42108
55328
56074
63244
39319
55584
86172
97458
63738
64553
23087
65320
65149
86535
40515
57604
54201
49291
37248
57730
5864
37291
91424
18954
42063
69829
92316
14893
55753
49536
882
71485
84109
66146
25396
53232
68790
46531
52013
55308
68631
89714
30352
3201
51743
22870
28598
55873
5541
18624
78038
20619
27694
49301
99442
27366
5931
81122
68491
28737
68426
69602
50420
31184
10737
77766
20150
27762
13464
52719
49842
33797
38038
52873
73290
99145
3396
9349
75609
14510
787
68107
9590
37186
4533
45333
10986
88228
71896
17818
54906
7779
68523
88672
43039
39030
32084
440
28748
72249
79319
8090
56770
97491
30505
39871
3217
130
96181
54125
58397
42325
28609
39908
42048
1980
46611
17522
59522
2591
70057
64208
21089
22886
17488
93920
25705
12747
36007
69803
41481
1786
63979
54323
44484
17625
7444
60595
94624
23949
6096
82114
36960
78212
72779
83103
80004
66675
9265
27171
62473
7310
53205
54206
59060
88854
34652
97718
91389
3446
32278
48611
17763
28385
13729
83052
16943
20071
52496
20974
23126
98284
90068
34454
62669
8972
78365
102
16583
88447
14445
93691
81733
73052
896
89003
91347
83894
45300
22471
66959
44300
25628
73305
91765
51131
4768
90238
99629
99137
90795
77759
81955
9399
54618
71232
83656
20270
1797
70274
45827
81311
76654
57832
92156
10292
97334
43062
9797
99719
76944
97975
33935
70757
9282
35986
49735
75368
37965
61744
62851
68893
7798
86587
34675
94374
44353
66171
59553
80640
23860
87776
44832
57302
26906
5021
30673
88912
22425
93945
37637
72572
90846
41625
83645
91839
26744
93886
22499
87580
65868
40575
35225
40160
52081
30326
25225
35923
64986
28004
29538
12507
37384
98488
9258
90721
71062
36366
17908
27896
17090
2941
15636
20654
78580
55379
3057
1150
49591
39950
21265
65938
18278
31062
64240
6801
6510
82050
95789
49877
78063
68003
96973
34983
17708
15857
72442
17105
65686
27260
3656
72483
96460
57174
26135
1545
95576
22940
68652
514
6747
62890
34651
12658
61928
49636
72083
17712
60584
9863
93275
16487
56535
49844
19096
60084
79922
80886
84349
70043
45691
9547
88778
21764
98075
876
1135
20842
86981
3362
78419
40010
15051
11478
95221
9078
32432
74024
27256
19368
95104
78906
78125
1126
15256
31032
51494
11962
41296
70082
58848
48780
51671
48533
55786
30334
78751
14570
95205
80743
89525
47357
39853
12333
27727
18436
52819
70735
84209
12846
73195
54428
7879
29998
99767
20316
12291
11038
37650
4101
4264
14870
44130
51571
43409
32117
51323
56965
55411
97553
27329
4931
51177
23286
16640
16947
60932
11554
22893
38532
92317
10173
22716
62262
28395
52440
46836
40893
2565
73779
21075
50320
65031
11787
61315
19752
60456
77697
42639
65743
46324
19344
43893
63263
58827
13591
92819
53058
22113
67952
56746
66368
53602
99633
43591
35222
18315
19076
44764
11744
33135
92205
30780
641
15398
12382
33089
93564
71035
23760
11023
2593
50181
26192
65257
41961
95853
6257
4650
62108
68145
81792
87306
3535
85530
62884
23502
34916
63754
8536
90385
23499
72292
15598
10464
6137
88086
9787
88321
94242
9866
32810
71999
51569
96343
88999
63935
15179
45176
12833
42406
3983
57327
53769
66201
87365
71994
9335
26724
68613
95920
4159
55590
3426
33863
33649
58824
64437
17209
33917
63189
11350
39155
54658
10069
18882
7191
18286
56971
24175
20966
20967
66829
77129
97580
36344
23817
93738
90776
81146
6280
79258
71420
27358
72894
61834
58386
31028
79407
2808
69765
65888
54394
56127
98232
74611
4123
12136
26985
45440
84449
38675
93229
76565
93782
45735
22634
64321
54947
72471
70816
15478
63651
4640
46742
93731
2898
19201
89556
24002
62151
12317
4032
71853
49568
65990
90784
80396
39854
53777
38867
5907
25672
33487
75318
26614
43846
30924
79581
25664
89282
15905
18831
93142
92525
79282
1697
94090
44591
28978
54436
53160
37267
64102
24365
66316
55934
23512
57069
23616
2187
98852
88363
68720
35127
39392
42388
5577
63553
37516
37046
51813
82978
92275
62544
39475
85932
7803
28545
43964
94702
25262
23983
60246
83424
35997
69659
91862
16453
32895
92545
74814
73584
28220
86080
55425
72082
67605
58723
5702
97741
89753
45238
91047
17663
50333
85467
77546
17589
31772
47706
15554
25361
11384
68213
97522
8274
48672
23587
72311
36442
33468
76596
3591
5566
6447
23582
35461
67435
49061
99804
86582
96428
53908
97603
69145
42570
66161
64227
41008
81219
32536
67386
1157
3579
61029
87763
80799
29000
65575
23543
6518
49329
56114
60942
11216
24029
23732
48959
23516
78097
62906
95836
21601
26508
70066
20872
42766
3577
44090
65174
41600
84586
85073
74290
30157
99796
13589
53977
50253
75351
93787
1113
79766
50961
62717
14362
572
58288
82469
34803
726
75372
89773
20431
29430
27216
85017
18473
56757
23632
71429
22450
57833
85170
56591
37157
18190
45531
96070
2851
16644
17976
12448
87612
50375
76517
27237
68642
53880
56928
49748
23104
41820
75194
83040
46408
11054
57024
47908
88005
16846
80368
4516
93938
380
8760
96224
453
74559
99791
18066
25380
35610
14917
9463
87525
59623
14992
25503
14708
32011
8095
65428
75617
90481
46035
73018
64754
1486
23254
1282
70357
40498
48094
37808
4964
50314
23416
5099
53162
14211
68111
6301
37907
71675
23782
31781
92423
74850
47014
45607
14139
94643
16486
68120
92124
472
52815
37901
10391
49677
49477
63740
1847
63814
17800
88059
10890
83008
86991
36164
10306
89878
98313
56285
49395
64468
50392
86552
81680
72528
95290
50472
29803
66724
79494
86048
52799
36840
38272
80017
35687
95375
16860
50714
28040
15107
43781
15163
10124
43223
92427
29591
46246
59918
51989
39536
21402
58193
36066
35301
60360
66299
32237
55059
35230
4881
33713
11729
3023
71389
58561
38306
33402
63223
66066
26846
50509
36569
4577
98423
32842
61580
51746
54392
28663
29966
68926
85300
62662
66073
55579
98672
43026
30882
42597
67062
50875
45247
26340
70545
36967
41403
26359
75092
95857
79509
94904
74867
54432
70271
61563
80923
75632
3120
76815
96900
7551
88841
6467
61832
81490
8261
2174
16662
69374
85683
58456
83643
96639
40969
53061
71508
86939
3363
36001
24279
58102
57410
91837
34826
45966
72929
74793
21384
33949
72591
51274
90348
33034
56835
3324
34687
37042
28957
23631
26127
41469
71990
74280
17379
79978
60553
68140
43110
83443
45323
62663
37713
42725
5661
40718
34480
27385
20465
78311
94068
66284
29533
39709
73977
77912
19581
29777
45938
6875
64063
22984
47594
51644
23178
99087
77532
20233
33957
68867
80700
54270
85767
80686
67454
87564
54134
2600
57754
87590
97697
13948
16361
73882
5073
14294
37903
71177
73265
270
55304
16969
9233
28028
12294
2573
25238
87626
55451
42697
36945
20097
9972
63405
18378
50789
22445
17789
92987
12835
20762
92810
95045
18724
73809
45471
26124
41471
22853
69936
28011
26676
81885
88528
19941
63554
8124
42817
46498
99639
88328
21464
87487
62652
89587
64576
23526
96817
68612
22754
34369
52050
82371
88682
63234
33095
76578
72490
89453
83049
11768
96883
61323
65272
13002
31650
3742
31313
68488
80425
53854
29001
5379
57190
88678
87037
54185
95994
14679
72340
93273
7786
50979
49681
87795
77784
62556
49120
61997
2294
23015
61027
67104
9831
17214
34332
65885
40005
16078
50263
60373
31327
21311
66687
13658
10914
61353
18998
87602
69567
16461
95829
25502
54285
92117
64785
23752
7170
93703
53498
44464
5244
29950
24442
71603
28896
66606
5824
23904
71397
25347
65801
88702
73917
17343
91544
730
44237
2059
23553
87516
81000
37108
74738
97191
48197
85768
25971
90310
9516
96969
4458
93028
10614
93543
79993
80949
36271
3036
92949
27646
57441
40263
62453
98090
98615
81131
97713
65102
99143
90573
39869
4897
94567
10243
19986
65417
82048
28767
61119
61999
2439
64042
85450
17412
23978
19713
54680
368
94557
54369
36721
83219
46915
16622
90190
53886
46270
66582
11510
87053
16317
19811
41959
12534
80811
48818
9634
79275
35856
68623
33520
64704
75879
52628
80979
6600
27418
89800
63001
34849
92990
3643
73140
98592
38043
20952
9255
71323
90828
25219
73929
98840
18451
22724
48407
27499
2492
94815
70991
17187
73562
44612
74645
26474
15444
90606
99122
68136
42970
83112
14337
40642
22117
51114
12447
49299
59172
32263
99840
62203
97783
54926
2908
55141
34661
15726
52880
26754
74126
62072
84121
44398
9348
15789
19971
94493
48081
69347
39960
40644
69140
58976
48569
50864
18236
34749
24430
86370
79113
89286
51140
62737
98802
6597
23770
82547
57202
16368
76681
22760
40884
54003
52520
71312
96075
37531
18136
13141
29757
45790
5363
95968
92626
62769
99912
10797
73020
94844
4134
14170
42907
76850
50312
77857
40086
23997
474
51810
75914
31717
51829
57399
60225
11609
58319
20991
57100
72110
59124
97203
9205
64364
5441
7218
47166
78168
51457
68456
33867
52348
17785
50878
53524
59752
60515
97933
31483
56116
36825
38910
17987
81863
16815
21707
69770
47735
73925
10668
31940
48455
34579
68619
90315
69421
64493
87096
42892
1476
96529
66348
10221
16507
9106
81668
21893
71161
59187
99052
96550
32334
55562
37745
15337
12687
56745
91989
60396
49656
15585
54811
48398
21646
28603
93330
53158
98380
71705
34126
52881
62256
63257
59426
39076
9673
38193
74153
20927
67860
24019
83930
35314
84587
19750
91218
52544
98706
13709
76521
42340
69918
93762
3133
4124
20258
16792
49517
44531
86243
23735
58339
54189
17189
40356
66091
63028
54221
86898
27741
79063
89105
21573
51139
41113
38525
64353
12194
17240
80400
95100
45645
72016
34809
52847
9215
82643
44124
37960
72587
93412
88906
99511
82583
80947
73563
78522
66506
6926
51168
38415
40744
65016
21100
92851
89256
90442
8479
58606
79257
50015
36749
91372
42563
55784
47860
26096
45574
94364
39808
14686
38138
6878
54702
55802
48675
33264
77364
57646
20199
18525
13990
87368
20560
88310
36085
85695
6656
58061
14772
66716
192
66894
49042
37304
63413
639
86777
64503
15900
80170
76993
52883
73535
34463
65282
10869
10661
94419
25839
60317
61932
68968
88286
37367
52539
28351
64369
84000
74644
35571
56085
27782
28570
98787
84663
47976
87746
69062
96038
84100
14523
66976
90272
34861
6308
70566
14297
48696
55492
80482
38047
79200
96647
84560
8839
50005
1128
54671
94029
30244
4446
32902
64899
27339
79607
59879
76979
82712
10699
33417
87221
38896
70546
56158
52340
47117
61505
12134
23656
47274
23809
8497
96882
36253
56179
47709
98450
97144
12465
50006
71288
17790
86810
41746
84269
26044
52885
47154
80738
7766
75388
84098
65590
16985
77472
16464
52765
47202
39298
62836
97337
88638
57304
94725
83190
7848
49746
51640
19443
78736
51424
97085
7165
52989
2190
45038
51485
92308
68793
59376
47231
99780
27116
7734
17252
15489
26917
52384
20000
71275
10418
1988
99980
3239
52027
22622
9884
65814
68376
79370
28577
18189
18014
92354
15997
76555
83679
40408
22907
6017
20385
49128
51241
10656
67133
49718
93120
22640
79037
5353
72989
22336
29292
4674
66164
59554
32326
7910
65726
47239
48872
48261
33561
2915
85869
89486
53206
71092
36472
96226
97151
23025
65581
76417
15862
60036
71622
9649
44458
29289
78710
36794
24383
27778
70059
91523
23927
21037
83895
66303
71201
80155
52891
81046
63753
45967
20224
62184
66095
37848
48233
2389
60969
25436
52108
95991
40146
17149
61049
84532
19755
55772
44816
18541
90509
24038
60855
86601
69713
17563
82592
74951
83589
2179
33856
57058
6146
87228
52304
86620
1340
66160
7770
67553
96981
53200
74866
81291
36306
52853
19129
28706
76717
3756
11241
17360
55720
10024
63580
71746
11652
51136
14927
63729
240
19861
96290
90659
10360
91617
34700
72347
6758
96067
35895
96225
29090
33821
51381
3227
80752
48685
5909
3979
11784
53735
25208
4147
29981
76480
89847
27849
81419
89921
9127
54663
77960
77187
48795
45460
45629
93979
71469
14115
87384
12385
84444
59093
82088
41134
17253
9432
71057
16305
72283
7393
66004
10058
89429
70262
526
21977
36301
47156
3282
15942
54745
91586
94579
41444
86427
21168
90156
65065
97501
79041
66353
75714
61335
82639
92146
5333
5301
28039
34382
50376
76353
33168
78417
55197
91039
39367
72453
29218
38259
9746
31540
64979
17291
25747
27901
13854
42740
33533
1669
75225
32879
9621
1302
87896
70501
82221
32003
16117
96704
76470
44163
5054
71904
96610
91906
74052
18517
5981
56347
34135
4337
26989
44798
5006
8958
14128
32893
46241
90945
85342
85707
10205
33817
85128
14287
51063
93554
62885
76398
72180
14069
46819
5813
50954
55939
94749
45674
33779
86421
84656
2248
30781
99580
36859
33078
11143
91866
43561
45086
61179
84310
67739
73150
3050
81398
74160
2014
59617
9164
96708
54264
12237
82196
62056
56014
35676
13053
87973
42557
44220
42865
14220
17009
30312
13633
14063
33801
5680
35150
33828
31097
79074
70714
31498
18295
23121
28099
6448
74967
79129
80051
11743
95722
82540
89810
65488
40442
36908
31529
34711
14813
86894
95467
25527
38558
22065
41353
12226
21593
32201
87308
11508
89641
97254
51266
14665
71439
22978
24926
26133
61521
59243
44448
65889
24254
57789
87210
50336
24387
12820
54341
69222
64920
89207
56468
26262
84794
52603
19141
55175
96034
79680
77832
22999
80546
83273
84010
45178
6179
4074
31111
46071
27502
50293
62928
83129
74394
25268
81395
14047
46919
29731
98769
59355
88948
5528
33963
28022
15769
93818
22259
69110
1632
95719
13445
3356
46225
13877
45095
32922
62520
76871
49990
94482
46204
80569
25327
88389
87123
75087
72029
44768
21164
52850
96996
74177
52446
65433
38829
32582
38974
49184
93485
67681
49972
12487
58956
74319
9405
48848
14971
48188
39882
18783
51429
34112
62448
47524
35344
48536
90904
82979
86833
51890
51867
30861
63818
77836
66408
40637
88962
71823
45670
13077
67996
16783
32208
58450
35748
24266
83764
77873
79281
5409
30864
15559
47077
92657
4468
89211
93972
86010
63509
54523
19541
70184
31086
68690
60800
28193
88607
4847
73546
65911
7118
67872
86218
54370
22571
83412
34710
98932
46744
54756
70855
58172
5558
60347
31029
9643
79247
78086
47185
8489
70296
35084
51500
80285
12140
94054
28402
65435
64161
60659
34910
2399
59693
5591
84772
76420
96377
68465
98451
27697
57029
24871
50247
5760
88934
45483
48674
22358
37991
78769
5714
50009
74209
79455
76548
15603
53198
22804
94954
90729
33878
45043
81984
60744
35752
26311
48719
77061
36108
51219
37932
97440
45544
21444
63322
13004
94497
23556
94595
92914
94651
1580
6139
99644
50442
58883
80502
62696
71059
18075
30047
50403
20902
47946
30816
36774
94472
78563
64762
55751
88432
58398
75452
73116
33528
59822
87881
49916
4388
48704
20714
33509
6414
33093
49635
84152
71400
87726
73987
83134
1655
20117
74658
26160
65379
88532
32939
26305
52336
70640
68890
79142
4717
51439
11233
88749
17448
17353
79846
95311
49955
80972
77296
32166
31619
64108
58632
10301
24816
32815
3376
75061
57521
79677
14393
78682
72468
96374
53503
18885
82991
93960
30702
57639
95123
72899
31546
23757
89767
72678
19959
58183
23031
32177
21789
67783
25831
20507
50071
6151
6681
33527
26805
74089
95740
13571
92451
33477
72589
76289
62200
99039
35384
65403
95391
6342
3278
41454
80782
18152
76281
25573
44451
11856
26433
79295
58055
20965
1464
34664
40500
70854
49338
92511
90625
96803
99727
34600
26121
32704
25986
52779
93871
80167
15810
45569
34232
8010
55970
68830
93475
75934
87335
88751
89363
72998
62245
2191
38865
67046
63004
44141
57749
88119
74675
92305
74957
69767
60801
62006
64191
95273
77843
39988
98686
66103
46161
26589
91623
8341
35238
52830
99111
69634
88989
90863
43113
65914
81676
6996
48931
37829
31810
26737
682
38276
69902
92941
91559
61155
88083
51827
95749
5250
29897
20222
56478
79176
35549
10303
4418
49602
57520
96002
26467
26056
5205
81470
42197
32970
78330
29576
44243
16655
76478
19384
77233
44483
83993
86648
68704
40376
79872
64084
92957
87926
48615
87555
23647
58090
55418
30874
47104
58184
25005
71542
15456
96919
90201
93553
91682
6916
88345
64627
6185
40198
56595
21524
29580
60852
65092
68148
46302
65431
86077
63741
10175
24706
44758
97492
49862
92693
97658
28056
93610
14944
5546
35128
87364
39252
1379
39485
57333
19382
18492
13568
76704
43413
15248
90136
56275
92080
67105
57012
42416
65910
24394
90151
86153
34808
77876
25093
53946
70147
49062
87292
14788
93980
36043
79123
34047
23954
84403
29160
40946
22782
41811
53265
33745
91803
6110
331
35988
11096
32737
39017
51713
71132
25951
79577
47661
96899
36650
71712
2618
41269
23719
39796
69056
10049
87418
52959
65037
39278
4347
93815
81698
47427
42275
87693
68699
2658
47813
77649
55496
77401
2186
97771
21072
14440
57795
39773
59678
31878
91442
18005
78759
19414
19955
96010
58552
78003
43384
64448
37380
33398
35134
73091
25425
37597
85259
73829
86209
19342
95531
20462
38917
50411
1247
45042
36621
9799
8155
94823
24888
86993
23348
27092
63677
88331
19118
89779
49994
45122
45318
4428
10006
69326
35972
79883
89603
28287
44747
64598
65385
59730
78388
39754
3510
35397
61073
26753
55766
74441
48372
30480
60156
89510
33439
38741
41251
3946
2160
24121
94145
72297
53127
75018
13757
98361
24837
47958
60122
51181
80034
17974
38729
1137
19698
43226
59149
51362
17165
43686
16826
28208
16941
61782
186
20307
88777
663
54660
19204
17244
86482
92435
79571
95997
61213
29281
31836
85798
94067
80282
24407
53786
2113
7748
71869
41310
36065
50502
28967
71046
26194
82492
65193
8589
4967
20905
83990
99113
27751
63766
78045
61867
71598
1942
21233
41115
71751
26655
42762
23690
69250
88065
19249
2931
14589
10080
84778
17826
77539
3877
58479
98977
15375
56322
6956
11049
37505
44921
94548
30143
80496
76320
22444
53089
19982
53178
1090
51641
82102
21144
75564
24513
76375
10850
6143
22774
9143
85533
80374
34839
30852
51604
29452
39782
37427
38825
52378
41188
35175
4139
46674
25905
65995
65438
47125
30763
5432
46558
17197
25754
42255
43658
50180
88210
37050
88734
16053
95135
95139
94014
92191
3927
11658
26630
51468
35798
57064
42249
62984
12654
69307
85445
92687
14496
29408
4750
49294
75403
56100
70091
74736
383
23884
60614
38137
41894
9407
30746
77052
94153
31451
77420
17726
89446
97116
69235
73198
93861
5327
96793
37415
13618
39474
32595
18608
25468
47827
40685
84280
86360
4026
98698
569
44733
76740
51235
50813
35707
34867
3735
32999
24512
29124
70336
13898
58379
61233
78750
44797
79489
12727
80566
32100
44479
89030
49430
24501
23827
15341
97959
90815
44808
80768
44709
1602
46662
7420
48339
81408
63017
35783
44061
94134
55442
28963
47043
23231
93001
97735
3406
4155
15990
64132
2911
5515
69605
55521
25579
16764
30876
55152
54154
42199
90531
32841
57966
44657
49114
22449
87227
45417
62501
4461
64629
25180
41223
95000
93492
36057
94249
40161
98164
87982
34133
84640
93215
32258
56019
49158
48577
51907
95766
98813
35022
5401
66459
16986
79672
36755
10417
12096
44072
66139
27533
89935
34344
6303
87947
20736
56345
96234
77787
12899
43461
77278
24804
88174
64018
56845
48527
54921
2376
40905
96244
95970
48623
64864
22149
32787
46844
58502
38255
84157
14964
31527
19306
11677
68186
59818
32004
24929
31743
19442
33786
95652
3505
26904
42901
66343
55836
78482
18742
80893
4644
85250
6272
98606
74977
32199
45613
55103
87307
92059
50833
26679
89471
82770
79025
31860
64580
35547
97436
28078
13622
16381
16154
57751
62233
85353
22710
58974
42026
52894
65799
52751
75832
24595
21271
19127
27911
84091
5147
58695
79798
8386
92478
72800
99657
95190
27294
74875
41924
36520
59365
34264
82447
15083
51019
13852
57686
44515
41763
60237
62767
29584
83714
36378
56284
33926
17693
10739
33913
43872
35921
41218
50982
50514
66781
69703
50955
68421
10244
54878
8434
29651
43035
22876
65245
57109
50998
60896
27522
86134
87356
96857
56890
40302
18583
51149
89483
22900
27207
303
96353
41038
79640
54147
66643
96893
95339
17554
99575
43985
25626
18292
98178
19216
17334
3900
19401
95011
4805
99309
74768
74085
96768
63418
86744
79112
87496
40313
4853
40058
54475
93918
19552
37222
69813
21586
54510
11048
60639
54090
30499
69592
77380
90912
91381
84700
66418
23264
53877
83909
3850
28872
73204
29636
57504
1258
54340
80408
80774
95377
60439
57845
10778
6808
17496
96065
68723
99075
51005
18859
69156
1343
9872
46574
65474
93263
51873
3359
70317
43253
49122
95411
40304
98015
54838
13450
81065
9651
11657
26238
5853
20309
78659
43833
75969
73825
17017
41450
60725
20334
43207
37334
39856
52047
12595
564
26542
88704
58207
66210
48545
75287
11387
15682
29802
45632
15319
86798
78543
52551
63923
85975
18052
75505
74332
79870
22183
57909
81103
34183
3705
31404
62573
90651
70070
62364
38134
79884
68575
2696
39515
53696
59498
83594
26465
47785
79829
4432
6278
13399
5874
54643
27785
6761
73765
98252
44571
42627
48645
31951
55389
57904
82577
26367
83856
20187
7448
74764
33951
96692
80492
97618
72949
96031
52086
12581
45320
74510
19312
69278
11829
2225
92350
6826
73473
62688
21130
89807
20458
31185
65886
27952
42917
67828
3011
66539
49139
3213
54601
29832
10425
29133
74800
41379
89975
23746
77292
73692
68470
24045
18271
43058
34665
75116
99099
48714
58809
65984
24655
73908
66713
33454
86273
14256
40926
477
11707
96921
68678
25051
83446
38609
94058
52914
44905
38288
68908
66795
46802
33860
71014
22290
35797
91639
51589
87711
48676
91452
96654
27353
8211
27889
94112
3857
25092
45161
13494
33723
76454
31069
13845
26290
59239
65211
51025
49175
5483
9934
45869
55833
44845
53497
38286
286
49944
68672
40555
84346
55983
65409
20474
67119
55975
65178
37387
26138
73851
42683
22686
69282
98156
19754
91153
49489
56547
20960
78287
5946
14352
63886
44162
7381
47734
5609
94930
84124
90359
4055
52215
74084
36502
51151
69200
91779
19223
51180
74201
67365
25613
26329
58326
98689
27471
84738
82698
30377
6312
55679
78326
29751
68431
20348
79633
4919
96616
40608
33161
71834
52780
11284
24598
63639
28671
54907
88755
21220
22831
16028
17066
5521
18888
68915
12645
901
61539
86618
94170
73128
68629
63279
24827
68291
16680
86018
37281
67162
42802
44459
45201
89657
41619
91895
29660
51224
7861
46337
43673
66338
88358
69666
68788
95901
10665
6088
33142
9244
52400
57662
32405
19551
42921
73610
89547
61354
44509
41035
20844
56354
86818
62980
97570
41488
45616
18022
49999
22594
96404
2015
50536
30770
93628
27195
96537
14817
56664
22115
4763
22792
75478
2202
27091
87067
23199
80114
75569
43383
50494
49985
21368
86459
5855
80880
45845
18117
59971
86404
75997
91340
94412
95795
80209
47676
89050
19768
86626
58218
39600
22871
85820
67815
97423
92175
24895
81851
87415
57312
93970
85797
27496
40861
65263
76427
22860
38872
69035
74347
34556
91903
25240
9582
30140
79864
44012
2459
40551
80814
82523
33425
26836
99968
98747
30774
8722
14979
92394
58532
25917
63821
53006
30733
72643
91000
79228
3293
30126
54841
34657
81837
78143
38508
42628
35747
83378
72438
93320
35425
4689
74325
12615
14399
79941
21649
8195
86373
24695
70693
94465
69230
50782
30482
54476
7987
70787
13561
32436
55504
17614
27819
85920
43127
52697
52897
49473
60785
97695
96499
4239
97195
42293
87888
84666
55455
26789
94238
13273
69207
36747
90283
20591
23135
49908
77880
97139
47311
20021
22184
76839
26526
34072
69173
25892
2334
24812
22574
77811
5471
77915
22578
36372
71669
13032
87554
98697
44837
25376
35673
5248
32225
69769
59529
70828
5825
26790
15708
12641
74941
82771
82869
98381
62185
28125
95491
56055
82386
89409
2811
33006
4741
6267
22941
73901
87107
32151
90035
38803
87515
62190
88291
9368
71612
57949
83774
59964
85296
91889
5094
42903
80563
52781
76371
39740
84499
65867
7045
18153
35974
76844
98891
6464
44593
45196
88929
48213
99940
63591
78227
9337
40930
56612
81025
87428
69420
39486
68284
91923
89614
81848
62333
78603
3106
15219
13639
54754
7931
32984
50652
68799
6316
17069
59471
70635
74826
77442
21283
94375
63180
28397
11539
32584
23355
34122
82799
63974
80539
72255
12330
74259
25639
52961
21199
40809
5338
27133
16573
68175
11117
74274
94295
68013
99006
65249
49043
77774
69653
73003
94222
45876
59868
19654
44026
35088
23203
5644
11307
65943
33016
67263
64111
11439
95514
13018
91483
49349
8661
72220
64527
65537
54422
80111
50612
80235
9153
40688
27315
8115
69277
69270
64350
96134
41849
18085
21688
99492
99342
44283
68918
53762
78841
79396
29091
49732
41760
11758
97834
77192
31738
21603
51688
71719
96643
6684
12287
26539
74331
28243
8223
39825
89295
52817
17281
47822
83442
16760
43310
75797
55752
10755
23532
69686
55677
86381
72511
74197
66453
73867
94758
10377
66842
6620
4503
30532
49319
57066
16123
1205
71457
54991
60064
69211
40205
24437
6025
6169
73760
66304
73858
7991
39012
45576
39944
94933
30084
86761
79641
38003
11163
4001
37420
25127
1666
52442
56872
88942
43312
21433
48199
54346
37038
9392
12278
47729
40784
58949
92766
82982
13851
92726
50556
77842
31217
67055
75930
98825
38992
33223
49270
62242
9384
84769
86156
73175
91816
48947
64569
49554
14218
98713
89527
97925
50211
14622
52952
16202
85463
1299
98413
97989
82098
908
2699
6697
12907
11727
31584
77770
37940
87024
88821
52272
37048
10666
72425
31964
80025
34044
39480
90400
61007
26891
53987
55370
85136
34192
59368
5575
95275
98268
41632
89391
75410
93198
45371
28048
23697
62772
70516
75233
66853
70378
87023
94002
28680
12192
95765
95993
22266
49992
5803
135
12130
1768
67228
10312
60199
70538
64255
98598
65051
11422
23347
76359
59022
68059
2549
41586
99028
67652
73881
20361
28554
36042
8446
23044
1561
69020
6172
26954
99939
11702
95474
60201
81276
57192
43360
32215
91736
10112
86320
39682
32447
64411
40258
48945
32344
92820
79005
12777
75377
12560
38369
73753
80064
21605
44185
97542
95024
32706
52249
23689
74834
48467
39689
33916
70766
43212
3207
32873
91910
9615
22310
1323
71416
49300
62635
3127
37401
65447
52740
62800
14693
63572
26186
35646
1784
58659
66226
80005
78548
96927
19447
84979
3371
18575
26683
44873
45167
99978
79168
24771
614
93139
41851
56223
82818
9548
43889
45060
4555
56378
13759
63108
6529
55216
55280
24669
44541
19928
34402
2596
97133
40122
34779
58108
30489
30787
56901
50088
68636
53225
98449
23969
32997
82446
97645
17806
21109
85988
80858
73309
86318
15689
53632
59928
4906
73213
1642
47408
88754
63733
99471
57688
79988
20203
79909
62373
24539
15793
67047
28890
55891
10262
72997
27395
7259
85339
64746
8971
25131
33564
44305
67507
68026
28010
20919
45496
22798
41094
25964
49524
60513
44578
95392
82359
20984
4525
38960
51798
97377
3518
18477
3103
37480
16975
28968
70577
55760
49784
46409
43925
54326
30213
33400
74327
52869
9992
74816
32465
55070
6677
31007
76788
26391
56837
33193
30250
18850
90587
86857
76709
50478
19004
53195
58349
99909
93326
33119
85257
90652
31258
6618
38689
78472
19648
98053
46572
40440
87851
49570
36769
99038
36382
99262
49752
55788
8959
76865
20792
63441
2826
44814
79927
83196
88462
92508
5467
56147
62998
50396
14091
49976
77974
87813
61106
77058
61385
37975
54896
91109
3314
25522
16031
95943
41084
23871
73179
58823
74710
43075
47639
85971
8112
59070
73754
20999
84734
51578
14929
99429
45221
78096
95960
85034
71934
52756
33717
56432
19550
28622
27595
91164
7903
79771
82402
83514
2823
58373
33125
33281
94995
35901
90105
38449
81269
67253
62179
15546
33258
18403
23678
22175
18001
5650
